| Run on Thu Apr 13 11:20:05 2023
| GB non-polar solvation energies calculated with gbsa=2
idecomp = 1: Per-residue decomp adding 1-4 interactions to Internal.
Energy Decomposition Analysis (All units kcal/mol): Generalized Born solvent
DELTAS:
Total Energy Decomposition:
Residue,Location,Internal,,,van der Waals,,,Electrostatic,,,Polar Solvation,,,Non-Polar Solv.,,,TOTAL,,
,,Avg.,Std. Dev.,Std. Err. of Mean,Avg.,Std. Dev.,Std. Err. of Mean,Avg.,Std. Dev.,Std. Err. of Mean,Avg.,Std. Dev.,Std. Err. of Mean,Avg.,Std. Dev.,Std. Err. of Mean
GLY   1,R GLY   1,0.0,0.0,0.0,-0.27752999999999994,0.055794704945899797,0.003945281422154835,74.33358999999999,4.255968105132387,0.30094239076527723,-70.49404499999997,3.890209332796965,0.27507933994559286,-0.012487608,0.010805623626831348,0.0007640729741482022,3.5495273919999972,0.46914190873254485,0.033173342500358284
PRO   2,R PRO   2,0.0,0.0,0.0,-1.0261399999999998,0.28526975023650947,0.020171617485962856,3.045719999999999,0.4345411046149822,0.030726696177754687,-2.7135149999999997,0.39983400277490505,0.028272533471109623,-0.19949695199999998,0.05609374725199324,0.003966426906404868,-0.8934319519999994,0.3294786016898998,0.02329765535107896
LEU   3,R LEU   3,0.0,0.0,0.0,-3.4408900000000004,0.6514542024578516,0.046064768419042085,-4.444330000000001,0.842660430481926,0.05958509046313452,5.9953800000000035,0.7044568159936827,0.049812619164221694,-0.6450511679999998,0.10029642134290873,0.007092027966031394,-2.5348911679999997,1.0042403667309725,0.0710105173256736
GLY   4,R GLY   4,0.0,0.0,0.0,-2.3918850000000003,0.552355032361434,0.039057398900528485,-5.999650000000002,2.486524958149421,0.17582386594970517,7.381354999999996,1.679690893877521,0.11877208213580887,-0.5503736160000002,0.054069442176220055,0.0038232869217779118,-1.5605536160000006,0.9969561896630589,0.07049544822566507
SER   5,R SER   5,0.0,0.0,0.0,-1.06493,0.21057194756187272,0.014889685204865829,3.2226699999999995,1.2791721663247675,0.09045113131133294,-3.0792200000000025,1.1941339755655482,0.08443802317676502,-0.1084755599999999,0.032112547516184684,0.002270700010986941,-1.0299555599999994,0.30936421776666423,0.021875353623928007
GLY   6,R GLY   6,0.0,0.0,0.0,-0.10612500000000004,0.018665995151611853,0.0013198851749299959,-1.9716300000000007,0.5324185694545193,0.03764767808909314,1.9294949999999997,0.5268144359971578,0.03725140601205567,-3.689999999999999e-05,0.00038712970384614055,2.7374203878834584e-05,-0.1482968999999991,0.06060384629219123,0.004285339067919562
PRO   7,R PRO   7,0.0,0.0,0.0,-0.05812500000000004,0.005031836145980867,0.0003558045460642653,-1.1589949999999993,0.4005965114363838,0.028326450975634132,1.2921899999999993,0.4009548277549507,0.02835178776550098,0.0,0.0,0.0,0.0750700000000008,0.03496319636417639,0.002472271324106597
SER   8,R SER   8,0.0,0.0,0.0,-0.13727499999999998,0.019726615903393235,0.0013948823875151747,-0.4187649999999998,0.5772852932259753,0.04082023455193516,0.4410149999999999,0.5760875756124239,0.040735543127286285,-0.00017593200000000017,0.0014587755408478715,0.00010315100771626033,-0.1152009320000003,0.09866904870565289,0.00697695534329929
CYM   9,R CYM   9,0.0,0.0,0.0,-0.03802,0.0036523417145716257,0.00025825955935840985,-55.04375499999999,1.375932100424418,0.09729309186623557,55.07151999999999,1.3751272266955592,0.09723617869906807,0.0,0.0,0.0,-0.010254999999997665,0.054726227487375295,0.0038697286565080704
ARG  10,R ARG  10,0.0,0.0,0.0,-0.026494999999999946,0.0021725503446410723,0.0001536225081164873,48.44888500000002,1.447003611526974,0.1023186066112148,-48.078059999999994,1.4285034044066278,0.10101044442039955,0.0,0.0,0.0,0.3443300000000009,0.032511553331083694,0.002298913982731737
PHE  11,R PHE  11,0.0,0.0,0.0,-0.010265000000000008,0.001083870379704163,7.664120954160518e-05,1.1455899999999999,0.10515470460231775,0.007435560469796714,-1.1204350000000003,0.10383696728525439,0.0073423823705249065,0.0,0.0,0.0,0.014889999999999912,0.005555888767785384,0.0003928606623219217
CYM  12,R CYM  12,0.0,0.0,0.0,-0.011695000000000013,0.0009959794174580923,7.042638000068444e-05,-44.70945499999998,0.9635350995050622,0.06813222027712842,44.64730499999998,0.96347395500669,0.06812789670818531,0.0,0.0,0.0,-0.07384499999999931,0.03309971261204495,0.0023405031243302877
LYS  13,R LYS  13,0.0,0.0,0.0,-0.007165000000000007,0.000835329276393421,5.906669958614398e-05,33.13553000000002,1.221965240544447,0.08640599079632291,-33.043834999999994,1.2106612935811631,0.08560668104113181,0.0,0.0,0.0,0.0845299999999996,0.012367259195150325,0.0008744972841582478
ASP  14,R ASP  14,0.0,0.0,0.0,-0.017630000000000017,0.0021870299494976438,0.00015464637079478565,-42.56496999999999,1.203343662093408,0.08508924635641021,42.548604999999974,1.201721760215978,0.08497456057481523,0.0,0.0,0.0,-0.03399499999999982,0.012001873812034686,0.0008486606359434965
ASP  15,R ASP  15,0.0,0.0,0.0,-0.04075000000000001,0.007625450806345719,0.0005392007974771484,-50.891714999999955,2.165449605458061,0.15312041003371288,50.89312499999997,2.166570146424781,0.15319964424532936,0.0,0.0,0.0,-0.039340000000000576,0.04516618646731242,0.0031937316731372686
GLU  16,R GLU  16,0.0,0.0,0.0,-0.21630499999999991,0.08001819777400652,0.0056581410264326315,-54.696324999999945,3.6032891265318345,0.2547910175946412,55.186765000000015,3.6716202485786376,0.2596227575711792,-0.026727156000000002,0.028177675041430667,0.0019924625099866557,0.24740784399999963,0.1344926913027644,0.00951006940402137
ASN  17,R ASN  17,0.0,0.0,0.0,-0.2414749999999999,0.4029352421605735,0.028491824211078518,-8.16033,2.6184123321394566,0.18514971159982924,8.334105000000001,2.1019794751554888,0.1486323940797386,-0.159990336,0.053311326477699705,0.00376968004664314,-0.22769033600000121,0.5858121084481049,0.04142317143848442
LYS  18,R LYS  18,0.0,0.0,0.0,-0.49531500000000017,0.1455050025772303,0.010288757401892562,53.46818500000004,2.567609717377184,0.18155742425978816,-52.46576499999998,2.4312209134044203,0.17191327944308174,-0.04591540799999999,0.023658084215150144,0.0016728791778415086,0.4611895919999984,0.21936230060657957,0.015511257029559432
PRO  19,R PRO  19,0.0,0.0,0.0,-1.472655000000001,0.3461565194749299,0.024476962227265614,1.9961100000000007,0.3568150051497203,0.02523063097704801,-1.5558400000000003,0.35535260573126376,0.02512722372248862,-0.45290815200000023,0.05989878996848534,0.004235484057158473,-1.485293152,0.37238052479909184,0.026331279426724315
CYM  20,R CYM  20,0.0,0.0,0.0,-0.08687999999999997,0.012125411333229091,0.0008573960578402506,-53.890810000000016,1.193141895961288,0.08436787255520009,53.15587499999999,1.17999549548986,0.08343828166304601,0.0,0.0,0.0,-0.8218150000000012,0.1234382063017721,0.008728399273348708
ARG  21,R ARG  21,0.0,0.0,0.0,-0.025894999999999974,0.003400584508580957,0.0002404576366015518,38.948625000000014,1.005140654025215,0.0710741772507511,-38.81262000000001,0.9979934947684336,0.07056879677308206,0.0,0.0,0.0,0.1101100000000018,0.012577674665850998,0.0008893759047781483
LYS  22,R LYS  22,0.0,0.0,0.0,-0.015859999999999975,0.001737929802955083,0.00012289019488957395,35.88927999999999,0.9199273893094629,0.06504868951799583,-35.718625,0.908541663532841,0.06424359712745785,0.0,0.0,0.0,0.1547949999999999,0.018527357474825253,0.0013100820107916206
CYM  23,R CYM  23,0.0,0.0,0.0,-0.03357499999999999,0.004298182755537621,0.00030392741732197326,-48.08433999999999,0.9878375597241431,0.06985066371917127,47.800325,0.9834723073752996,0.0695419937654255,0.0,0.0,0.0,-0.31759000000000026,0.05536110457712992,0.003914621246046618
ALA  24,R ALA  24,0.0,0.0,0.0,-0.056495000000000004,0.009229299810928114,0.0006526100481910991,-0.33285000000000026,0.21235359073959617,0.015015666402128128,0.36376,0.20639506389446427,0.014594334928320643,0.0,0.0,0.0,-0.025585000000000493,0.015704546316274617,0.0011104791195695996
CYM  25,R CYM  25,0.0,0.0,0.0,-0.012194999999999989,0.0010986241395491965,7.768445790504728e-05,-41.814485,0.7929142638238553,0.05606750528493873,41.596885000000015,0.783203263382968,0.055380833858553025,0.0,0.0,0.0,-0.22979499999999958,0.024012142240958805,0.0016979148609397913
HIE  26,R HIE  26,0.0,0.0,0.0,-0.006400000000000079,0.0007071067811865897,5.000000000000298e-05,0.8831050000000001,0.27280884145313045,0.019290498175915424,-0.8642099999999998,0.2702808278439303,0.019111740619315695,0.0,0.0,0.0,0.012495000000000154,0.004785391833486997,0.00033837830160933816
VAL  27,R VAL  27,0.0,0.0,0.0,-0.0032150000000000212,0.00044584190022926796,3.152578309892115e-05,0.4759149999999997,0.12022885583336468,0.008501463925407196,-0.4588999999999999,0.11973900784623283,0.008466826442062045,0.0,0.0,0.0,0.013799999999999611,0.003777565353504664,0.00026711420778385055
CYM  28,R CYM  28,0.0,0.0,0.0,-0.00559500000000003,0.0005839306465669261,4.129013199301186e-05,-37.47544500000001,0.7445945990758257,0.05265078902413949,37.42113,0.74188112464243,0.05245891740689645,0.0,0.0,0.0,-0.059909999999998076,0.00869436024098409,0.0006147841084478556
GLY  29,R GLY  29,0.0,0.0,0.0,-0.008510000000000021,0.001577941697275267,0.00011157732744603516,0.2119600000000007,0.32332664350467594,0.022862646216044172,-0.14410999999999993,0.322414186877687,0.022798125789195926,0.0,0.0,0.0,0.059340000000001177,0.011466664728681478,0.0008108156387243275
GLY  30,R GLY  30,0.0,0.0,0.0,-0.03611000000000002,0.007232420065233879,0.0005114093272516527,-0.8871200000000001,0.23387162204936415,0.01653722098782027,0.9623,0.21211011291307988,0.014998449919908306,0.0,0.0,0.0,0.03906999999999971,0.03744042067071421,0.0026474375346739
ARG  31,R ARG  31,0.0,0.0,0.0,-0.9318899999999998,0.1834921194493129,0.012974852195690114,59.344515,1.1782292305724125,0.08331338787299611,-57.30497500000002,1.116033912734426,0.07891551477286683,-0.043308972,0.01754326959206907,0.0012404964892735798,1.0643410279999979,0.3794886413050858,0.026833899165009552
GLU  32,R GLU  32,0.0,0.0,0.0,-0.08500999999999999,0.01776907144450723,0.0012564630913799303,-45.261944999999976,1.906364139396746,0.13480030103782958,45.355630000000026,1.9149423811428348,0.13540687432876128,0.0,0.0,0.0,0.008674999999999287,0.0298157571595965,0.002108292407376204
ALA  33,R ALA  33,0.0,0.0,0.0,-0.2695050000000001,0.0405721576330364,0.0028688847789689583,-0.9460950000000008,0.2870491177046164,0.02029743776625497,1.1326200000000002,0.22630957911674845,0.01600250380409263,-1.357199999999996e-05,0.0001914566207160248,1.3538027481136197e-05,-0.08299357200000046,0.13821440297782897,0.0097732341603273
PRO  34,R PRO  34,0.0,0.0,0.0,-3.589494999999999,0.5423217587143383,0.03834793931719232,-5.784579999999998,0.7707760528194982,0.05450209737248677,6.778550000000004,0.5509907508297612,0.03896092962827915,-0.544496868,0.047919972702147214,0.003388453765196254,-3.1400218680000025,0.6091374940022712,0.04307252526839859
GLU  35,R GLU  35,0.0,0.0,0.0,-2.121405000000001,0.3492205048031868,0.024693618707572265,-62.919175000000024,2.686036752237857,0.1899314802023679,63.59628999999999,2.614700940050608,0.18488727654846254,-0.3227784119999999,0.03429973200814013,0.002425357309583716,-1.7670684119999984,0.45797151565230904,0.03238347643080288
LYS  36,R LYS  36,0.0,0.0,0.0,-0.9590599999999998,0.2063823790927926,0.01459343797739264,53.182829999999974,2.3171282163712346,0.16384570746747895,-51.852585000000005,2.2156031961467137,0.15666680444139297,-0.005861987999999998,0.005064099348774271,0.00035808589901206657,0.36532301199999856,0.20210861580045203,0.014291237276872622
GLN  37,R GLN  37,0.0,0.0,0.0,-1.944509999999999,0.5094378862040039,0.036022698392819186,-10.047745000000004,0.8373888403692126,0.05921233275150096,9.227955,0.7066226949193086,0.04996576993177561,-0.10890720000000005,0.015915735970465947,0.0011254124832291129,-2.8732072000000004,0.49135586796076436,0.03474410662108583
LEU  38,R LEU  38,0.0,0.0,0.0,-2.4758599999999986,0.3034540334218845,0.021457440481102374,0.33195499999999983,0.4857265928225462,0.03434605675874594,-0.28265000000000007,0.46389691473429745,0.03280246541801393,-0.13969321200000004,0.02289061773845004,0.0016186111028407095,-2.5662482119999996,0.38246366685755845,0.02704426523924522
LEU  39,R LEU  39,0.0,0.0,0.0,-4.77833,0.5078264576604855,0.03590875318776725,-3.0274600000000027,0.7087011629734984,0.05011273981733533,3.5092899999999996,0.6128685388401045,0.043336349978972885,-0.6313183559999999,0.05458389431168275,0.003859664181136069,-4.9278183559999995,0.5057376330729513,0.03576105098471178
CYM  40,R CYM  40,0.0,0.0,0.0,-0.41418499999999997,0.03751414100042777,0.002652650349179077,-78.97332999999999,2.546432286768617,0.18005995378064563,77.91846000000005,2.596527779245358,0.18360224002436396,-8.4096e-05,0.0005588363198504549,3.9515695133959106e-05,-1.469139095999999,0.2469498698085729,0.017461992755477693
ASP  41,R ASP  41,0.0,0.0,0.0,-0.7530850000000001,0.904321639559178,0.06394519637060316,-130.35559999999998,4.2841208643089015,0.3029330914575597,129.51483999999994,3.7520612687443995,0.2653107966556566,-0.3855071520000002,0.07296772489853308,0.005159597308350723,-1.979352152,0.952633259589957,0.06736134378399032
GLU  42,R GLU  42,0.0,0.0,0.0,0.14157999999999998,1.0165050042178838,0.07187775815925257,-113.50969500000011,6.397854778122952,0.45239664986574935,109.01642500000004,4.942781883146401,0.34950745874988337,-0.48133774799999995,0.04790215914593321,0.003387194156556657,-4.833027748000001,2.0545639993309037,0.14527961363086353
CYM  43,R CYM  43,0.0,0.0,0.0,-0.23424500000000015,0.025137322351434475,0.0017774771095571487,-66.45476000000002,1.9337416405502408,0.13673618270958746,66.63295000000002,1.8816510854815716,0.1330528242371047,0.0,0.0,0.0,-0.05605499999999872,0.1609075261602142,0.011377880289183925
ASP  44,R ASP  44,0.0,0.0,0.0,-0.48310499999999984,0.9533474833317601,0.06741184702910166,-118.147965,3.4789953325324383,0.2460021191350035,116.39286499999997,2.834232810969385,0.20041052400978623,-0.4540960799999998,0.0336119402192993,0.0023767230857903387,-2.6923010799999996,0.8461594676486865,0.059832509753958533
MET  45,R MET  45,0.0,0.0,0.0,-0.23316000000000023,0.026892273983430717,0.0019015709295210428,-2.534805,0.5993771325092425,0.04238236348854332,2.7008550000000016,0.5613624711138006,0.039694321002820575,0.0,0.0,0.0,-0.06711000000000057,0.07369177633901954,0.005210795476700308
ALA  46,R ALA  46,0.0,0.0,0.0,-0.7459249999999996,0.2396738812949814,0.016947502673698097,2.097535,0.3054729264190138,0.021600197773978393,-1.5887149999999999,0.272390553755083,0.019260920769137796,-0.07294046399999997,0.015607879087868011,0.0011036437142971176,-0.31004546400000066,0.2718353189252307,0.019221659737803848
PHE  47,R PHE  47,0.0,0.0,0.0,-0.22961999999999996,0.023039435756979622,0.0016291341258472109,-1.8690050000000005,0.2291721077596513,0.016204915145566365,1.7252050000000003,0.21059525867169615,0.014891333549249142,0.0,0.0,0.0,-0.37342000000000075,0.07118330984156214,0.00503342010962717
HIE  48,R HIE  48,0.0,0.0,0.0,-0.07938500000000005,0.01217566322628854,0.0008609494032752303,-1.4227400000000006,0.8663705283537749,0.06126164756191263,1.4778599999999995,0.8324023849076844,0.058859737104407825,0.0,0.0,0.0,-0.024264999999999558,0.05924006055871341,0.004188904853896799
LEU  49,R LEU  49,0.0,0.0,0.0,-0.11113999999999997,0.01864324006174898,0.0013182761470951411,0.9198,0.23751983075103697,0.01679518829903393,-0.8246650000000002,0.21669303813228497,0.015322511669925381,0.0,0.0,0.0,-0.01600499999999924,0.029643295616378035,0.002096097534705837
TYR  50,R TYR  50,0.0,0.0,0.0,-0.01214500000000001,0.0010926916307908467,7.72649661877995e-05,0.5718200000000007,0.1714213160607521,0.012121317502648023,-0.5501249999999999,0.17183966182171162,0.012150899015093536,0.0,0.0,0.0,0.009550000000001004,0.008760565050269497,0.0006194654954071429
CYM  51,R CYM  51,0.0,0.0,0.0,-0.010339999999999998,0.001050904372433454,7.431016081262884e-05,-41.53146000000001,0.8908258182159235,0.06299089769165342,41.39137500000002,0.8780104238415573,0.062084712465083985,0.0,0.0,0.0,-0.15042499999999998,0.026406710794796295,0.0018672364271832464
LEU  52,R LEU  52,0.0,0.0,0.0,-0.042285000000000066,0.007175916317795395,0.0005074139089540324,1.5592000000000001,0.19484922376032518,0.013777920742986088,-1.473840000000001,0.1923363574574463,0.013600234262688006,0.0,0.0,0.0,0.043075000000000516,0.00928543886954189,0.000656579679094622
LYS  53,R LYS  53,0.0,0.0,0.0,-0.012580000000000022,0.00227455490151368,0.0001608353195041423,41.57613999999999,2.2568430362791045,0.15958290150265922,-41.36006000000001,2.219405221314717,0.15693564821924666,0.0,0.0,0.0,0.20350000000000015,0.037157368044575895,0.002627422691536394
PRO  54,R PRO  54,0.0,0.0,0.0,-0.0042649999999999745,0.0006039660586489731,4.2706849567720096e-05,-0.7526950000000007,0.15891979730354253,0.011237326633812652,0.7538350000000003,0.158727085826584,0.011223699874595669,0.0,0.0,0.0,-0.0031249999999998757,0.002499874996875231,0.0001767678562409175
PRO  55,R PRO  55,0.0,0.0,0.0,-0.0054049999999999645,0.0008949720666032323,6.32840817267684e-05,-0.3740349999999999,0.1663952035817132,0.01176591768095455,0.3899,0.16758687299427688,0.011850181433210186,0.0,0.0,0.0,0.010460000000000375,0.0033163835725073,0.000234503731313558
LEU  56,R LEU  56,0.0,0.0,0.0,-0.030080000000000016,0.00656990106470408,0.00046456215945769733,0.4858049999999997,0.5116614476145327,0.03617992792799615,-0.39891,0.5052050394641763,0.03572339092947364,0.0,0.0,0.0,0.05681499999999999,0.014106054551148798,0.0009974486828904677
THR  57,R THR  57,0.0,0.0,0.0,-0.014750000000000046,0.0022287889088022463,0.0001575991751247434,-0.47944500000000007,0.5551138774837107,0.03925247870994901,0.5587249999999998,0.5414553900138034,0.03828667779887672,0.0,0.0,0.0,0.06453000000000002,0.020724601323065892,0.0014654506132927587
SER  58,R SER  58,0.0,0.0,0.0,-0.04945499999999999,0.009733343464606494,0.0006882513167441016,0.7456400000000001,0.9140777485531522,0.06463505745336658,-0.4928549999999998,0.8685686466681833,0.061417077998509484,0.0,0.0,0.0,0.20333,0.056533185829210256,0.0039974999061913805
VAL  59,R VAL  59,0.0,0.0,0.0,-1.06262,0.2247272248749584,0.015890614462631725,1.0306949999999997,0.7627274755605695,0.05393297701661754,-0.5801549999999998,0.7968541968108095,0.05634610061818831,-0.2099089080000001,0.06387982396217046,0.004516985670465364,-0.8219889080000002,0.23511445950463897,0.016625102867074013
PRO  60,R PRO  60,0.0,0.0,0.0,-0.6992199999999998,0.1838335703836498,0.012998996422801324,-4.063344999999999,0.6987763204166346,0.04941094746991861,4.647325000000002,0.7888047916785095,0.0557769217228316,-0.029522808000000015,0.01913839823784466,0.001353289117502863,-0.14476280800000005,0.11246622146791496,0.007952562785439073
PRO  61,R PRO  61,0.0,0.0,0.0,-0.5191300000000003,0.26195767425292144,0.01852320478480974,0.3093000000000003,0.9372264400879861,0.06627191712935425,0.10769500000000017,1.0286230660329374,0.07273463452767878,-0.07351146000000003,0.08170548250165588,0.005777450073703967,-0.17564645999999956,0.20218986116921978,0.014296982191992191
GLU  62,R GLU  62,0.0,0.0,0.0,-1.5101149999999999,0.5137024642485186,0.03632424959823675,-75.72463000000002,3.8703047894314184,0.2736718761865729,76.2859,3.808575849316928,0.26930698097153144,-0.22187717999999992,0.04643417393001455,0.0032833919264708884,-1.17072218,0.5040209945561412,0.03563966631110354
PRO  63,R PRO  63,0.0,0.0,0.0,-4.823544999999998,0.6336139265948965,0.044803270414948665,-12.076584999999996,1.1699702016612092,0.08272938633808335,11.352039999999993,0.5251618782814239,0.03713455253534591,-0.690782472,0.04804455019977754,0.0033972627245320193,-6.238872472000001,0.9031742868676784,0.06386406628374595
GLU  64,R GLU  64,0.0,0.0,0.0,-2.251110000000001,1.1986863634412448,0.08475992561051467,-142.3954899999999,5.357298156713616,0.37881818554503893,135.62899499999997,4.125889868257952,0.29174447042740687,-0.5977999439999998,0.03759013529033743,0.0026580239569517347,-9.615404943999996,2.0445074637872906,0.14456850918305028
TRP  65,R TRP  65,0.0,0.0,0.0,-1.15932,0.293994502669691,0.020788550646930505,-3.308249999999999,0.621266671808502,0.04393018765609891,3.2560800000000016,0.6484441329829427,0.04585192436528702,-0.05854802400000005,0.015392682159708817,0.0010884269935779295,-1.270038024,0.33972857016822977,0.02402243757287651
TYR  66,R TYR  66,0.0,0.0,0.0,-2.9099649999999992,0.4145970860667061,0.029316441101795054,-0.7108900000000005,0.6904570355206758,0.048822685193463077,1.968529999999999,0.6532123843743365,0.04618909065461269,-0.37446688800000005,0.05369943275676774,0.0037971233048181485,-2.026791888,0.47560030100936435,0.03363001979780847
CYM  67,R CYM  67,0.0,0.0,0.0,-0.08058500000000002,0.006334254099734102,0.0004478994027680673,-61.710289999999986,1.7160408345672529,0.12134241109155268,61.43503499999997,1.6637985436273846,0.11764832327272254,0.0,0.0,0.0,-0.3558400000000001,0.13852189141070784,0.009794976875929808
PRO  68,R PRO  68,0.0,0.0,0.0,-0.032874999999999974,0.0027494317594732765,0.00019441418415332143,0.43303999999999987,0.2215021859937285,0.015662569776380933,-0.45897,0.21724789780340834,0.01536174617353121,0.0,0.0,0.0,-0.05880500000000018,0.016084992228784158,0.0011373807080306197
SER  69,R SER  69,0.0,0.0,0.0,-0.042779999999999985,0.0066046650180005325,0.0004670203421693747,1.8841999999999992,0.7494321316837186,0.0529928542352647,-1.7741750000000014,0.747249051103442,0.052838487127045676,0.0,0.0,0.0,0.06724500000000029,0.035993401825889934,0.0025451178509059034
CYM  70,R CYM  70,0.0,0.0,0.0,-0.2596749999999999,0.03531202875791828,0.0024969374992178392,-64.65039,2.3193385992348605,0.1640020051386678,64.19538500000002,2.1532168253039132,0.15225542185373667,-0.0016558560000000005,0.002786208082693035,0.00019701466290690138,-0.7163358559999989,0.3258173755454436,0.023038767567658717
ARG  71,R ARG  71,0.0,0.0,0.0,-0.26897000000000004,0.1301385765251794,0.00920218699549188,51.29223499999992,7.011586187859649,0.49579401403094914,-50.692670000000014,6.800206562384604,0.48084721737314146,-0.035911116,0.046224032823899544,0.0032685327063568925,0.29468388400000023,0.13780819098132455,0.00974451063459454
THR  72,R THR  72,0.0,0.0,0.0,-0.054720000000000046,0.006951373964907588,0.0004915363669149773,2.208245000000001,0.29720932854639054,0.021015873164705327,-2.074745,0.2934748540761163,0.02075180594249543,0.0,0.0,0.0,0.07878000000000052,0.01988194155508966,0.0014058655696758508
ASP  73,R ASP  73,0.0,0.0,0.0,-0.2404150000000001,0.04626470333850594,0.0032714085460241456,-40.10602,2.9707242028837806,0.21006192288941222,40.84286,3.008808345574815,0.21275487844466287,-0.004627908000000003,0.011809071982553753,0.0008350274878383826,0.49179709200000077,0.10248134252579215,0.0072465252245088934
SER  74,R SER  74,0.0,0.0,0.0,-1.4525050000000004,0.38006036359373246,0.026874326035735308,0.6412649999999995,1.088180299755054,0.07694596691104087,1.180485,0.8772944544307788,0.06203408578253563,-0.327765744,0.025367311336696674,0.0017937397866648601,0.04147925599999955,0.4331343487025847,0.030627223513241632
ARG  75,R ARG  75,36.82899999999999,1.0601828521535717,0.07496624840554854,-3.831445000000001,0.7549556125859268,0.05338342331543529,38.23992000000001,3.865631285262285,0.27334140953758307,-72.725035,2.9590469857327113,0.20923621894612132,-0.6470310960000002,0.03541092801867704,0.002503930733011525,-2.1345910960000007,1.5975770936225988,0.11296575963688354
ARG  76,L ARG   1,37.6309,0.9700955571485953,0.06859611468587136,-3.490765000000002,0.5776593544425572,0.04084668467421756,-94.05801500000007,4.594439449460479,0.32487592904644924,54.83522000000001,4.7218905886940945,0.3338880855286533,-0.5955868799999997,0.09904521934231286,0.007003554624105842,-5.678246879999998,0.8349963303829426,0.059043156747966154
GLU  77,L GLU   2,0.0,0.0,0.0,-1.50361,0.33949051223856064,0.024005604335238084,50.253974999999976,2.231248924790103,0.15777312452342748,-49.60059499999997,2.149176656530939,0.15196973878008585,-0.20056910400000005,0.02394624466866451,0.0016932551989164886,-1.0507991039999995,0.3718618510278969,0.02629460365264076
VAL  78,L VAL   3,0.0,0.0,0.0,-1.3050949999999997,0.35397586919873475,0.02502987374868277,-3.509634999999999,0.6173687405230358,0.04365456229164367,2.787145000000001,0.5190369967304751,0.03670145800748188,-0.13233366,0.022031512887997626,0.001557863216290194,-2.15991866,0.3979141173983795,0.028136777074225412
GLN  79,L GLN   4,0.0,0.0,0.0,-2.831265000000002,0.8508677951215403,0.06016543878236871,-19.484534999999997,2.9145565612585322,0.20609027086176532,14.480994999999993,2.411125337881721,0.17049230767068704,-0.40219718399999993,0.04349012686351496,0.0030752163619854663,-8.237002184000001,1.4680941812824375,0.10380993510053241
SER  80,L SER   5,0.0,0.0,0.0,-0.646065,0.12472534135050559,0.00881941346547494,-1.1072300000000002,1.526713164644885,0.10795492316471722,1.6485200000000004,1.503887635297264,0.10634091450612969,-1.5480000000000075e-05,0.00015817524964418465,1.11846791639278e-05,-0.10479048000000002,0.30883561880134464,0.02183797603263744
ALA  81,L ALA   6,0.0,0.0,0.0,-1.6516949999999997,0.38570785832673904,0.027273664217977733,-7.871329999999995,0.9809699899079747,0.0693650532004428,7.2569649999999974,0.5602605499007132,0.03961640340660984,-0.2646398520000001,0.029899784115241423,0.0021142340103901024,-2.5306998519999993,0.5363411771138789,0.03792504833667989
PHE  82,L PHE   7,0.0,0.0,0.0,-0.6358449999999999,0.15726077379626474,0.01112001595659825,3.9415749999999985,0.4906126418825889,0.03469155260110258,-3.57643,0.4740626700131418,0.03352129286736931,-0.010440252,0.00903572385362103,0.0006389221609824474,-0.2811402519999996,0.14821423572909137,0.010480329115242198
PRO  83,L PRO   8,0.0,0.0,0.0,-0.42781500000000006,0.19972608936991681,0.01412276721733386,1.5816900000000012,0.5920205181410495,0.041862172297910956,-1.2863300000000002,0.5243146775553768,0.0370746463975045,-0.050945111999999994,0.030471013342891224,0.0021546260164384155,-0.18340011199999937,0.1674989653497073,0.011843965424050857
LYS  84,L LYS   9,0.0,0.0,0.0,-0.17155,0.034088817814644186,0.002410443423936769,-46.89195500000001,2.3502974775487435,0.16619112841803538,47.00304000000001,2.3559990170623646,0.16659428814336386,0.0,0.0,0.0,-0.06046499999999952,0.04674183110448228,0.003305146573905571
ARG  85,L ARG  10,0.0,0.0,0.0,-1.1912800000000003,0.9301562726768013,0.06577198079729696,-121.28448999999996,3.5969865554242313,0.2543453585177315,114.36477500000002,3.34109647636399,0.23625119750354567,-0.14449244399999991,0.024700192939774563,0.0017465673924330677,-8.255487444,1.0355113161712663,0.07322170736601094
ARG  86,L ARG  11,0.0,0.0,0.0,-2.21898,0.42735920441708386,0.030218859144580792,-60.51364000000006,3.942882951647493,0.27880392725347725,61.13458000000001,4.305813589044173,0.3044669987338321,-0.16981390799999996,0.1325743591758631,0.00937442283847138,-1.7678539080000024,0.4887898986499756,0.0345626651910883
VAL  87,L VAL  12,0.0,0.0,0.0,-5.411789999999994,0.6057000296351819,0.04282945983199299,-6.345240000000005,0.8174298149687965,0.05780101653085008,6.945274999999997,0.5998567823864698,0.042416279856621594,-0.9105855840000006,0.03680507245604522,0.0026025116315731792,-5.722340583999995,0.6047806085166019,0.042764446941221584
ARG  88,L ARG  13,0.0,0.0,0.0,-1.8648350000000002,1.2858410196346202,0.09092269045114645,-149.52284499999993,3.4129706607271997,0.24133346981909345,138.1959,2.5183220663765855,0.17807226103466023,-0.6415957440000001,0.03970213908705762,0.002807365177606993,-13.833375743999992,1.441712554756836,0.10194447239903404
THR  89,L THR  14,0.0,0.0,0.0,-5.197354999999998,0.6245934029230622,0.044165423069127886,-2.2790750000000006,1.1323368356522714,0.08006830550770383,3.3869100000000008,1.3347575517299037,0.09438161160681689,-0.550126152,0.050070673229099555,0.003540531257887202,-4.639646152000001,0.6863272489880661,0.048530665187256954
LEU  90,L LEU  15,0.0,0.0,0.0,-6.898045,0.6186583814796317,0.04374575367821416,-1.6690850000000006,0.6989420847073086,0.04942266877532002,2.2638849999999997,0.4862771450263741,0.034384986678418335,-0.9786133079999996,0.034354953332408185,0.0024292620468693207,-7.281858308000003,0.6770611094255069,0.047875450175246304
LEU  91,L LEU  16,0.0,0.0,0.0,-2.6245049999999996,0.41464302716312934,0.029319689627876656,-2.5328749999999984,0.4832106159585119,0.03416815032855923,2.3532299999999995,0.3120379577871986,0.02206441559389298,-0.32545907999999973,0.028200910677809356,0.0019941055175915112,-3.1296090800000003,0.4087861701709675,0.02890554729831691
SER  92,L SER  17,0.0,0.0,0.0,-0.6648100000000003,0.1717724189152602,0.012146144223579687,0.20096000000000003,0.7192332642474202,0.050857471840428686,0.9821900000000002,0.6744293172008463,0.04768935436237315,-0.03467105999999999,0.012416613877978199,0.0008779871872493379,0.4836689399999994,0.317505583920969,0.022451035145511163
VAL  93,L VAL  18,0.0,0.0,0.0,-1.9569500000000004,0.3113963190212719,0.022019044881647087,-1.3003600000000006,0.36310213494277227,0.025675198188134712,2.2184850000000007,0.3622733771269927,0.025616596160984804,-0.22550054399999994,0.04461823867044617,0.003154985912847233,-1.2643255439999992,0.31792067295389065,0.022480386372508668
LEU  94,L LEU  19,0.0,0.0,0.0,-1.4437850000000003,0.2681741389004521,0.01896277521553728,-0.7979700000000005,0.5350374744819266,0.03783286263950947,1.329225,0.5303717605368896,0.037502946842548235,-0.2917178280000002,0.03695550336433115,0.0026131487031080826,-1.2042478280000002,0.2834932851254711,0.020046002433307203
LYS  95,L LYS  20,0.0,0.0,0.0,-0.13186499999999995,0.01948709252300119,0.0013779455268623808,-60.39628,3.038018515677495,0.21482034938058464,60.764339999999955,3.1059832121899067,0.21962617915910582,0.0,0.0,0.0,0.23619500000000065,0.11906597740328799,0.008419236003046917
ASP  96,L ASP  21,0.0,0.0,0.0,-0.03745999999999998,0.007000599974287968,0.0004950171714193392,45.30708500000001,1.3928997694642526,0.09849288725013518,-45.009685000000026,1.3819310821359712,0.0977172839310809,0.0,0.0,0.0,0.25994000000000084,0.03703196457116666,0.0026185553268931925
PRO  97,L PRO  22,0.0,0.0,0.0,-0.05895499999999993,0.020077175473656686,0.0014196706924494876,1.5667350000000004,0.22972969937515403,0.016244342826811836,-1.5143500000000003,0.2286461622245162,0.016167725180123483,0.0,0.0,0.0,-0.006570000000000018,0.02440440738883045,0.0017256521955481097
ILE  98,L ILE  23,0.0,0.0,0.0,-0.024524999999999988,0.004224852068416204,0.00029874215470871096,1.24736,0.20482026364595926,0.014482979734847428,-1.2226099999999993,0.2099476075119719,0.014845537696560706,0.0,0.0,0.0,0.000225000000000124,0.012288383742380287,0.0008689199474059626
ALA  99,L ALA  24,0.0,0.0,0.0,-0.026044999999999995,0.002731844614907658,0.00019317058523491575,1.2419399999999994,0.1856518418976807,0.013127567634562281,-1.124815,0.18299740647069337,0.012939870705497828,0.0,0.0,0.0,0.09107999999999931,0.02220818767932217,0.001570356010591224
LYS 100,L LYS  25,0.0,0.0,0.0,-0.6705000000000001,0.4435637383736406,0.03136469272924569,-67.44551999999999,4.206621139299413,0.2974530333481295,70.01787500000002,4.604786397801122,0.3256075687800748,-0.30670362000000007,0.08264602962180967,0.005843956798372589,1.5951513799999983,0.8612422880104365,0.06089902620967972
MET 101,L MET  26,0.0,0.0,0.0,-0.241615,0.14745523651264486,0.010426659765955738,1.8346499999999992,0.48542778814155885,0.0343249280771283,-1.7850549999999996,0.4893497440226187,0.034602252237029486,-0.029938715999999997,0.04515635080100411,0.003193036186502859,-0.22195871600000072,0.18003468293921332,0.012730374515508777
ARG 102,L ARG  27,0.0,0.0,0.0,-0.059605000000000005,0.01256140816150795,0.0008882256892254315,-44.164750000000005,1.1544915623335643,0.0816348812548715,44.23583499999997,1.1612227123928434,0.08211084544008154,0.0,0.0,0.0,0.011479999999998824,0.025710690383573667,0.0018180203519212695
ARG 103,L ARG  28,0.0,0.0,0.0,0.39387500000000003,0.9215193157905051,0.06516125571898536,-109.56480499999994,3.420236242861981,0.2418472240587706,103.01149500000007,2.5524788676808643,0.18048751161724993,-0.2508425999999999,0.027696735300898712,0.001958454934799431,-6.4102776000000015,0.9194561123638915,0.06501536520559278
LEU 104,L LEU  29,0.0,0.0,0.0,-2.3151949999999997,0.4958517994068407,0.035062016982412875,1.224285000000001,0.4301736088778554,0.030417867592502115,-0.5761449999999997,0.5240302700942001,0.037054535753062695,-0.48997598400000014,0.06480396651524077,0.0045823324170712705,-2.1570309840000017,0.47886156043356415,0.033860625663214496
VAL 105,L VAL  30,0.0,0.0,0.0,-0.3359299999999999,0.18801187489092294,0.01329444716789684,0.7150499999999999,0.27991085634537205,0.019792686464954613,-0.677145,0.2866123758231669,0.020266555451654858,-0.026976924,0.026192255331815628,0.0018520721359696335,-0.32500192400000033,0.20991683195057734,0.014843361535745015
ARG 106,L ARG  31,0.0,0.0,0.0,-0.13039500000000004,0.01947482926754384,0.0013770783837530494,-56.798255000000026,1.6795684475403205,0.11876342387227228,56.81999499999996,1.6816249626416833,0.11890884144965089,0.0,0.0,0.0,-0.10865500000000068,0.03333595618847536,0.0023572080678208583
ILE 107,L ILE  32,0.0,0.0,0.0,-2.377035,0.2981899122623012,0.021085210904209478,0.4680800000000002,0.6671899156911772,0.04717745137245123,0.033865000000000055,0.5713478159361424,0.04040039150645696,-0.34713554400000013,0.03266511105800732,0.0023097721537328653,-2.2222255440000005,0.30654960866800096,0.021676330705922592
GLU 108,L GLU  33,0.0,0.0,0.0,-1.8695000000000008,0.3621750543590725,0.02560964369139066,51.56255999999998,2.635458200466108,0.18635503650832805,-49.560535,2.5919702465067544,0.18327997379386932,-0.30246714000000013,0.0408048757868508,0.002885340437435696,-0.16994213999999938,0.7746106411404245,0.054773243712965346
GLN 109,L GLN  34,0.0,0.0,0.0,-0.118805,0.020015168622822224,0.0014152861459789806,0.34494500000000017,0.5687351861587255,0.04021565068322283,-0.18590999999999996,0.5709877248242733,0.0403749292197522,0.0,0.0,0.0,0.040229999999999676,0.026457647287693387,0.001870838181136986
ARG 110,L ARG  35,0.0,0.0,0.0,0.22888500000000012,0.8895548559672978,0.06290102708918988,-121.31510499999992,3.8324337703345597,0.2709939907451895,114.51202999999994,3.5008647516164935,0.24754852058849808,-0.23851702800000002,0.04933848055196709,0.003488757417173652,-6.812707028000001,1.1643405049402589,0.08233130666534258
GLN 111,L GLN  36,0.0,0.0,0.0,-1.283689999999999,0.5087611953559379,0.03597484912407575,-2.57868,6.892660172067096,0.4873846748083079,2.55614,5.253309332259048,0.37146506525109463,-0.26927917199999996,0.051269412674139245,0.0036252949369335384,-1.5755091719999998,1.838590265212136,0.1300079644355074
LYS 112,L LYS  37,0.0,0.0,0.0,-0.126785,0.0420717099129568,0.0029749191375565043,-47.390499999999996,3.8150920198602805,0.26976774380938867,47.58077000000003,3.913714379856632,0.2767413977623928,-0.0010485359999999984,0.00437124300133314,0.00030909355684569,0.062436464000001315,0.10579760135417439,0.007481020135080777
ARG 113,L ARG  38,0.0,0.0,0.0,-0.04114000000000009,0.0060539573833982285,0.0004280794318815255,-52.47257,2.7021674531937436,0.1910720930054879,52.47106000000002,2.7140161691482105,0.19190992374546356,0.0,0.0,0.0,-0.04264999999999929,0.025794912289054388,0.0018239757399702565
LEU 114,L LEU  39,0.0,0.0,0.0,-0.2240549999999998,0.09742747033049805,0.006889162494454633,-2.8044849999999992,0.4588353514878795,0.03244455884851926,2.9295949999999995,0.46900780481246207,0.03316385992123086,-0.0017650080000000002,0.002812316409214296,0.00019886080037976304,-0.10071000800000013,0.07810087549743311,0.005522565868084122
GLU 115,L GLU  40,0.0,0.0,0.0,-0.049985,0.01366802015655521,0.0009664749738094605,50.239645,4.163271114037016,0.29438772366536464,-49.797669999999954,4.0714325858478,0.28789375905968595,0.0,0.0,0.0,0.3919900000000011,0.08759503353501322,0.006193904221087088
GLY 116,L GLY  41,0.0,0.0,0.0,-0.0067849999999999985,0.0013261881465312373,9.377566315414565e-05,-1.1426800000000006,0.13992718677940974,0.009894346264407725,1.1616500000000003,0.14354820618871958,0.010150391002320834,0.0,0.0,0.0,0.012184999999999412,0.004863206246911774,0.0003438806115500095
ASN 117,L ASN  42,0.0,0.0,0.0,-0.012294999999999976,0.002918557006467412,0.00020637314505526176,-2.1929700000000008,1.5903052062733116,0.11245155955121298,2.2583550000000003,1.581967075818899,0.11186196469253966,0.0,0.0,0.0,0.05309000000000001,0.016434168673833252,0.0011620712112431022
GLU 118,L GLU  43,0.0,0.0,0.0,-0.009109999999999991,0.0016241613220366717,0.00011484554845530385,39.84074,2.3319131571309564,0.16489116065454304,-39.680365000000016,2.299995739512206,0.1626342584109249,0.0,0.0,0.0,0.1512650000000008,0.031308062460011665,0.002213814327128623
PHE 119,L PHE  44,0.0,0.0,0.0,-0.018534999999999982,0.003195117368736239,0.00022592891581203132,0.7456349999999997,0.39450860798593557,0.02789597119433204,-0.6772949999999998,0.3888163422169914,0.02749346722177839,0.0,0.0,0.0,0.04980499999999963,0.011801990298249966,0.0008345267371390395
GLU 120,L GLU  45,0.0,0.0,0.0,-0.024600000000000025,0.007397972695272643,0.0005231156659860206,49.360690000000034,3.16132072303613,0.2235391320764407,-49.027725000000025,3.0910962698323496,0.21857351336988964,0.0,0.0,0.0,0.30836500000000044,0.06917096048921106,0.004891125522310789
ARG 121,L ARG  46,0.0,0.0,0.0,-0.8019400000000002,0.6862597878354812,0.04852589496341102,-99.70596000000002,6.283913158883952,0.4443397607034221,99.26442999999993,4.387835245894352,0.3102668057101238,-0.20992708799999996,0.04074685944719991,0.0028812380627170195,-1.4533970880000004,2.2390406914784053,0.15832408562969968
ASP 122,L ASP  47,0.0,0.0,0.0,-0.07261499999999996,0.01355052674252924,0.0009581669348292084,64.15829500000004,3.263515734291266,0.23076541062263492,-63.60283000000002,3.179656025594517,0.22483563375385496,0.0,0.0,0.0,0.48284999999999895,0.09089965621497055,0.006427576331713158
SER 123,L SER  48,0.0,0.0,0.0,-0.024195000000000026,0.004055487023774133,0.0002867662375524738,-0.9545149999999998,0.4671488411363132,0.033032411339092425,1.0274299999999996,0.472576485978725,0.03341620378648658,0.0,0.0,0.0,0.048719999999999854,0.013671927442757142,0.0009667512606664028
GLU 124,L GLU  49,0.0,0.0,0.0,-0.2293550000000002,0.08433290564779496,0.005963236946072111,91.17208999999995,4.590527625655984,0.3245993213325527,-89.69072999999999,4.347939211523879,0.3074457300655425,-0.010646424000000003,0.019645756954523887,0.0013891647964086617,1.2413585759999999,0.24895072899985482,0.017603474865713183
PRO 125,L PRO  50,0.0,0.0,0.0,-0.06351000000000004,0.012218015387123882,0.0008639441532876877,-1.1563800000000004,0.532406297483415,0.037646810329694504,1.181030000000001,0.5481336325203886,0.038758900855158186,0.0,0.0,0.0,-0.03885999999999965,0.02964642305574239,0.002096318678064065
PHE 126,L PHE  51,0.0,0.0,0.0,-0.15107500000000001,0.019676620009543868,0.0013913471439579378,60.19079499999997,1.7246786259992462,0.12195319518115644,-59.78164500000006,1.7136761301273038,0.12117520123705369,0.0,0.0,0.0,0.2580750000000024,0.04046800433675937,0.0028615200287609166

